360,None,-64.40112214,7.841496444,-75.95221202,10.722146500,-1
360,None,51.29471463,12.62769201,-44.86446771,4.761221031,-1
330,None,-51.53790763,20.10350979,-85.16298794,4.515921778,-1
330,None,-61.83942051,-49.49988002,-178.135775,8.196011407,-1
383,None,-108.0795881,-70.76676061,-138.1757851,4.341588419,-1
383,None,-113.1622011,35.11715185,-166.5081249,4.635624615,-1
383,None,-100.2598962,-60.33797935,-135.0709524,3.923712299,-1
377,None,-87.39262251,181.7454561,-508.5616381,13.180810870,-1
387,None,97.95579219,28.73484404,-133.4079455,12.167405400,-1
387,None,95.35113888,50.21460247,-139.266673,12.076177550,-1
105,None,53.27674099,66.29703219,-254.5379718,17.374412490,-1
610,None,-89.41960826,230.4681484,-614.3390574,7.599977230,-1
147,None,38.14941728,1.80271657,-70.90735161,7.047024057,-1
380,None,-90.00339918,-218.9498337,-205.0745819,4.651863660,-1
380,None,-86.57914744,-204.7481346,-203.6073358,6.385959004,-1
380,None,-68.26080546,-69.21122599,-196.1228776,7.186704876,-1
380,None,-73.17249303,-55.92625797,-183.7214311,14.797881280,-1
380,None,-73.66370598,-215.809667,-183.9092361,6.489388614,-1
199,None,72.28670656,76.90023946,-190.4589276,21.453728820,-1
199,None,23.49083071,-47.63390567,-172.2791417,8.785832848,-1
199,None,-47.40284557,-30.171209,-169.6239465,12.823119880,-1
653,None,-91.50114978,-5.251185287,-138.9674206,5.413366350,-1
816,None,97.23149359,-114.9186955,-134.8731105,4.997750194,-1
258,None,-103.0536882,-65.26580979,-118.3045242,4.286161529,-1
357,None,-84.393952,246.9323285,-508.1886279,23.571562310,-1
260,None,-95.29757514,189.2305976,-500.4365795,7.794843882,-1
260,None,-106.9376643,142.6213881,-553.7500925,11.475206090,-1
214,None,104.0876202,25.52198446,-140.171147,16.043230950,-1
237,None,56.58885682,-67.46153204,-77.34666348,3.270466947,-1
237,None,38.83601126,104.8736883,-72.04062367,6.409813214,-1
762,None,-31.90828695,27.18117285,-170.1513701,10.167653510,-1
762,None,65.99742568,108.8944115,-168.7229948,7.918815315,-1
762,None,-126.4570776,46.47158404,-203.9176616,7.023509324,-1
762,None,103.1762058,62.99828473,-152.2623412,5.210020858,-1
603,None,-44.74552511,15.74507375,-199.2057467,11.066297480,-1
278,None,-47.89877032,-10.22492024,-96.1136025,20.159983670,-1
489,None,73.79496797,69.55764009,-35.17353835,8.158102396,-1
676,None,-76.00397264,-74.92869851,-144.3113557,3.832603383,-1
282,None,70.27851491,-52.13332395,-63.60156718,5.295986982,-1
190,None,38.16063294,-132.2282842,-198.8002432,8.833712029,-1
190,None,97.89985608,-130.7686347,-156.6501864,12.564573760,-1
698,None,-36.77629406,-34.59533297,-60.9137866,6.217909816,-1
803,None,-88.68591428,19.40153987,-150.6757957,5.822159480,-1
251,None,91.8066639,-228.1486839,-206.7306038,15.480709610,-1
346,None,-118.7456191,124.8523546,-568.68286,4.129168997,-1
402,None,-59.75176891,-45.51209719,-84.77197151,5.529811480,-1
157,None,-32.44901873,49.38239307,-60.31881666,24.281863520,-1
222,None,-46.82137782,80.98240214,-109.2275388,5.562150111,-1
290,None,-87.98029816,-170.435691,-67.39794153,8.260459929,-1
719,None,-104.3323085,-130.4591242,-81.17828567,12.304376610,-1
812,None,71.95630178,105.2183743,-534.7339804,7.478521110,-1
812,None,35.81885532,171.3443017,-470.1967334,8.727947616,-1
612,None,-6.607170093,22.55937329,-143.7929641,9.484890340,-1
612,None,116.8024039,-1.291850522,-197.5054168,4.666322736,-1
612,None,119.2088976,-11.4328236,-208.2932951,6.853377495,-1
612,None,111.5336493,-37.25625083,-238.8281758,5.772283337,-1
612,None,95.99601184,-23.33441995,-157.7220192,4.835148932,-1
574,None,-64.08984827,-185.1943695,-176.461318,3.556818181,-1
574,None,-112.5257962,-147.0691547,-279.5736221,6.661399227,-1
444,None,73.76386971,56.33474997,-111.8408463,4.084912815,-1
119,None,-73.28217211,46.20627483,-185.2274411,6.022565899,-1
553,None,135.3036242,-21.79208926,-239.4086072,4.543071313,-1
753,None,-77.77160404,-11.38994533,-58.0353619,16.721463390,-1
813,None,-68.68536654,206.1975285,-685.8740029,17.156134560,-1
813,None,59.76390847,195.5534644,-540.4216151,4.256054820,-1
870,None,121.9087601,-67.41580071,-158.8001927,9.061649841,-1
506,None,96.78026471,1.565748925,-113.1028372,22.038918880,-1
695,None,41.21933645,-169.5888219,-188.6252342,4.528739349,-1
695,None,-92.43802134,-160.7622717,-127.003377,4.945112775,-1
280,None,105.0927476,-12.11034538,-163.8563959,6.675664160,-1
280,None,-65.24188146,-2.009534031,-154.5988093,5.611381537,-1
280,None,95.50326213,50.83309312,-98.17735226,9.697334131,-1
280,None,-44.35081815,-2.878997069,-80.20624421,6.734930528,-1
280,None,-36.79299198,30.7687084,-78.63004564,7.213573370,-1
280,None,114.1812202,39.58850481,-77.01551257,6.554327379,-1
280,None,101.203838,25.22046529,-133.8132453,6.269450237,-1
280,None,99.7584658,42.83369719,-142.7906833,6.392032870,-1
280,None,76.62464946,-2.190466163,-170.1541606,5.512269698,-1
483,None,-96.92511861,-19.80447862,-120.1001986,10.606277130,-1
797,None,-93.45976658,60.14386675,1523.530064,7.674509542,-1
337,None,-100.8609071,15.28935029,-182.4603409,4.991628467,-1
807,None,59.49693039,-6.696593702,-135.9209832,14.167813910,-1
273,None,16.03531414,67.91292767,-31.29420185,3.887997704,-1
688,None,-107.5159318,-106.6040007,-155.5003217,5.324346110,-1
212,None,76.49433466,88.15768761,-193.1555684,19.044218700,-1
339,None,-24.80602777,185.3534746,-545.8419781,4.355305398,-1
